
****** 16.0 MB ******

****** SSFFT 1 SMs ******

****** 16.0 MB ******

****** SSFFT 1 SMs ******
79.786
37.897
19.176
9.803
5.076
2.679
4.877
4.744
4.926
5.090
5.850
6.499
9.140
13.655
27.975

****** SSFFT 2 SMs ******
80.541
39.267
20.649
10.747
5.217
2.845
4.024
3.794
3.782
3.894
4.308
4.888
6.206
8.491
13.985

****** SSFFT 3 SMs ******
73.084
37.502
19.244
9.514
4.957
2.717
4.868
4.085
3.965
3.825
4.124
4.382
5.398
6.322
9.507

****** SSFFT 4 SMs ******
72.076
36.496
18.190
9.283
4.534
3.158
4.324
4.092
3.998
3.892
4.318
4.536
5.902
6.423
9.171

****** SSFFT 6 SMs ******
68.795
33.697
17.536
8.756
5.750
4.251
5.392
4.795
4.423
4.170
4.268
4.349
4.962
5.416
6.268

****** SSFFT 12 SMs ******
81.075
42.581
22.980
13.975
9.632
7.762
9.196
6.256
5.512
4.810
4.875
4.778
4.997
5.503
6.937
