
****** 16.0 MB ******

****** SSFFT 1 SMs ******

****** 0.0009765625 MB ******

****** SSFFT 1 SMs ******
0.023
0.005
0.005
0.003
0.005
0.004
0.005
0.005
0.004
0.003
0.005
0.006
0.004
0.003
0.006

****** SSFFT 2 SMs ******
0.022
0.004
0.004
0.005
0.006
0.005
0.006
0.004
0.004
0.004
0.004
0.004
0.005
0.003
0.004

****** SSFFT 3 SMs ******
0.026
0.005
0.004
0.004
0.005
0.004
0.004
0.007
0.005
0.005
0.003
0.004
0.006
0.005
0.003

****** SSFFT 4 SMs ******
0.019
0.004
0.003
0.006
0.005
0.003
0.004
0.006
0.005
0.004
0.004
0.005
0.004
0.004
0.006

****** SSFFT 6 SMs ******
0.052
0.005
0.005
0.006
0.005
0.005
0.004
0.003
0.004
0.004
0.004
0.004
0.004
0.005
0.005

****** SSFFT 12 SMs ******
0.023
0.004
0.004
0.004
0.006
0.004
0.003
0.004
0.004
0.005
0.004
0.005
0.005
0.006
0.004

****** 0.0009765625 MB ******

****** SSFFT 1 SMs ******
0.021
0.031
0.028
0.047
0.022
0.054
0.201
0.289
0.442
0.710
1.458
2.962
6.077
12.410
27.778

****** SSFFT 2 SMs ******
0.020
0.020
0.021
0.019
0.024
0.029
0.059
0.100
0.180
0.363
0.741
1.494
3.170
6.458
13.716

****** SSFFT 3 SMs ******
0.022
0.018
0.020
0.019
0.024
0.029
0.061
0.081
0.140
0.257
0.517
1.020
2.121
4.316
9.480

****** SSFFT 4 SMs ******
0.019
0.020
0.021
0.020
0.026
0.029
0.047
0.077
0.130
0.246
0.476
0.927
2.057
4.245
9.093

****** SSFFT 6 SMs ******
0.020
0.019
0.018
0.018
0.025
0.030
0.051
0.066
0.100
0.186
0.346
0.683
1.477
2.857
6.144

****** SSFFT 12 SMs ******
0.020
0.022
0.020
0.018
0.024
0.030
0.045
0.059
0.095
0.154
0.295
0.564
1.172
2.629
6.501
