
****** 16.0 MB ******

****** SSFFT 1 SMs ******
1.180
1.117
1.239
1.427
1.575
1.652
4.416
3.959
4.151
4.334
5.277
5.867
9.339
13.958
28.906

****** SSFFT 2 SMs ******
1.585
1.717
1.943
2.184
2.529
2.835
4.090
3.962
4.078
4.195
4.777
5.498
6.361
8.800
14.338

****** SSFFT 3 SMs ******
2.245
2.660
2.835
3.003
3.148
3.323
5.671
4.352
4.406
4.145
4.581
4.788
5.751
6.771
10.108

****** SSFFT 4 SMs ******
2.108
2.237
2.662
2.857
2.980
3.000
4.228
4.031
4.104
4.135
4.610
4.914
6.007
6.743
9.655

****** SSFFT 6 SMs ******
4.453
4.767
5.062
5.415
5.702
6.004
5.906
5.306
4.472
4.388
4.567
4.754
5.326
5.780
6.691

****** SSFFT 12 SMs ******
6.203
6.630
6.971
7.427
7.744
8.128
6.748
5.531
4.857
4.451
4.624
4.684
5.275
5.870
7.167


****** 16.0 MB ******

****** SSFFT 1 SMs ******
1.184
1.109
1.204
1.410
1.564
1.660
4.359
3.956
4.152
4.335
5.268
5.869
9.387
13.992
28.107

****** SSFFT 2 SMs ******
1.575
1.617
1.817
2.083
2.246
2.547
4.066
3.966
4.079
4.199
4.785
5.460
6.355
8.927
14.343

****** SSFFT 3 SMs ******
2.249
2.650
2.826
3.014
3.170
3.305
5.667
4.352
4.401
4.139
4.575
4.757
5.846
6.828
10.014

****** SSFFT 4 SMs ******
2.104
2.195
2.508
2.861
2.968
3.115
4.226
4.032
4.105
4.132
4.630
4.936
6.025
6.782
9.648

****** SSFFT 6 SMs ******
4.460
4.771
5.067
5.422
5.707
5.999
5.896
5.302
4.472
4.389
4.570
4.754
5.340
5.714
6.609

****** SSFFT 12 SMs ******
6.185
6.640
6.973
7.438
7.733
8.135
6.750
5.550
4.850
4.451
4.625
4.693
5.315
5.875
6.825

****** 64.0 MB ******

****** SSFFT 1 SMs ******
4.241
5.104
5.790
6.124
6.397
5.566
14.902
14.751
15.210
15.514
18.228
20.148
31.297
35.362
57.392

****** SSFFT 2 SMs ******
6.515
7.592
8.367
8.618
8.678
8.718
15.213
14.898
15.208
15.370
17.459
18.977
23.975
29.789
42.347

****** SSFFT 3 SMs ******
9.346
10.112
10.556
11.332
11.906
12.495
21.762
16.407
16.660
15.563
17.508
18.309
23.822
26.831
46.192

****** SSFFT 4 SMs ******
8.627
9.385
9.635
10.252
10.656
11.201
16.023
15.253
15.409
15.406
17.220
18.304
23.562
26.067
35.964

****** SSFFT 6 SMs ******
17.042
18.278
19.466
20.884
22.035
23.233
22.742
20.536
16.988
16.703
17.482
18.253
23.515
25.602
31.729

****** SSFFT 12 SMs ******
24.028
25.747
27.148
28.913
30.141
31.691
26.575
21.437
18.551
17.008
17.846
18.213
23.657
27.408
32.997

****** 256.0 MB ******

****** SSFFT 1 SMs ******
15.608
16.007
16.322
16.904
17.353
18.085
58.271
57.726
59.242
60.023
69.436
76.936
118.910
257.844
585.824

****** SSFFT 2 SMs ******
24.541
26.180
27.449
29.218
30.711
32.516
59.753
58.380
59.599
59.933
68.087
73.617
101.104
120.270
263.648

****** SSFFT 3 SMs ******
36.787
38.997
41.452
44.000
46.593
49.342
89.216
65.558
65.887
61.063
69.224
73.008
102.250

****** 64.0 MB ******

****** SSFFT 1 SMs ******
4.436
4.939
5.788
6.123
6.415
6.738
14.991
14.747
15.193
15.508
18.234
20.263
31.128
35.155
57.633

****** SSFFT 2 SMs ******
6.428
7.263
7.669
8.142
8.588
8.346
15.213
14.878
15.203
15.357
17.421
19.010
23.915
29.314
42.225

****** SSFFT 3 SMs ******
9.402
10.081
10.498
11.196
11.888
12.489
21.753
16.405
16.655
15.561
17.547
18.327
24.213
26.992
46.277

****** SSFFT 4 SMs ******
8.588
9.169
9.655
10.238
10.648
11.197
16.023
15.266
15.408
15.407
17.203
18.198
23.426
26.727
35.295

****** SSFFT 6 SMs ******
17.079
18.286
19.477
20.886
22.034
23.260
22.713
20.532
16.981
16.691
17.485
18.309
23.439
25.412
32.307

****** SSFFT 12 SMs ******
23.988
25.806
27.098
28.885
30.121
31.741
26.577
21.439
18.540
17.014
17.781
18.147
23.667
26.797
32.930
